342.59375,418.59375
352.18234,418.59375
361.77094,418.59375
371.35394,418.4906
380.61548,416.78976
387.66876,410.37494
391.3949,401.63013
391.40625,392.04327
386.71808,383.98373
378.8827,378.89032
369.32327,378.20312
359.73468,378.20312
350.1461,378.20312
342.59375,380.23938
342.59375,389.82797
342.59375,399.41656
342.59375,409.00516
312.0,355.40625
321.98172,355.40625
331.96347,355.40625
341.9452,355.40625
351.92694,355.40625
361.90866,355.40625
371.8904,355.40625
381.8711,355.5385
391.76944,356.62466
401.33582,359.2682
409.91574,364.09378
417.50482,370.57767
421.35785,379.70578
423.79688,389.23148
423.79688,399.2132
420.83084,408.40933
415.6028,416.8308
407.73138,422.96887
398.57474,426.75714
398.3055,428.86395
407.45923,432.34152
414.15356,439.2905
417.45227,448.544
419.1347,458.38055
420.43326,468.27713
421.8192,478.1605
423.5717,487.98132
426.76425,497.37338
421.52563,500.0
411.5439,500.0
401.56216,500.0
393.68106,497.4298
392.31473,487.54294
390.98666,477.64996
389.66742,467.7558
388.13635,457.89276
385.8773,448.21
378.4281,442.19342
368.5251,441.59375
358.54337,441.59375
348.56165,441.59375
343.59375,446.6076
343.59375,456.58936
343.59375,466.57108
343.59375,476.5528
343.59375,486.53455
343.59375,496.51627
337.09573,500.0
327.114,500.0
317.13226,500.0
312.0,495.15054
312.0,485.16882
312.0,475.18707
312.0,465.20535
312.0,455.2236
312.0,445.24188
312.0,435.26013
312.0,425.2784
312.0,415.29666
312.0,405.31494
312.0,395.3332
312.0,385.35147
312.0,375.36972
312.0,365.388
506.56113,452.40625
497.00043,452.1212
487.48685,453.44153
478.81104,457.57144
473.96738,465.63113
475.26,475.01526
481.70667,481.73413
490.9807,483.20312
499.42554,479.0793
505.109,471.52747
506.37402,462.0025
510.358,500.0
509.4052,490.16858
505.9606,491.07104
498.2962,497.2395
489.366,501.34857
479.57144,502.40625
469.6691,502.40625
460.54587,498.87244
452.6577,493.0966
447.57935,484.8724
445.1705,475.39175
445.78555,465.5407
449.05878,456.33008
455.01447,448.54794
462.71783,442.5555
471.80707,438.65942
481.48352,436.55652
491.33038,435.55765
501.2241,435.24127
506.56113,430.6382
504.87625,420.9739
497.86472,414.5275
488.18854,413.67612
480.513,419.4089
477.6695,428.0
467.76715,428.0
457.8648,428.0
449.56113,426.40134
451.41534,416.74838
456.19818,408.15106
463.927,402.0891
472.81354,398.2598
482.53162,396.35834
492.39914,396.0
502.2731,396.6533
511.8654,399.00912
520.84314,403.1053
528.091,409.6092
532.54736,418.30026
534.41547,427.9838
534.58154,437.88342
534.6311,447.78564
534.6806,457.68787
534.73016,467.5901
534.7643,477.49234
535.27765,487.3747
536.5499,497.17282
530.16266,500.0
520.2603,500.0
583.3468,451.0
583.94904,460.5465
586.12195,469.8512
590.9975,478.03018
599.15735,482.79688
608.7611,482.79688
616.9453,478.1789
622.8071,470.9225
626.2476,462.1186
627.2269,452.5649
627.3468,442.96735
627.3468,433.3636
622.01263,425.5521
616.2224,417.89014
607.0618,417.0
597.58344,417.33044
590.39154,423.69507
586.15045,432.1501
584.046,441.4385
626.3468,355.59375
636.20953,355.59375
646.07227,355.59375
655.93494,355.59375
656.1437,365.24774
656.1437,375.11047
656.1437,384.9732
656.1437,394.83594
656.1437,404.69864
656.1437,414.56137
656.1437,424.42407
656.1437,434.2868
656.1437,444.14954
656.1437,454.01227
656.1437,463.875
656.1437,473.7377
656.1437,483.60043
656.38086,493.4578
653.6688,500.0
643.8061,500.0
633.94336,500.0
626.7963,497.1289
626.24805,487.28143
621.77795,492.07953
614.0515,498.02243
604.9502,501.21814
595.14594,502.0
585.28326,502.0
575.60767,501.59323
569.19055,494.10364
562.7749,486.61276
556.3629,479.1188
553.3468,470.3703
553.3468,460.5076
553.3468,450.64487
553.3468,440.78217
555.9405,431.33597
559.0388,421.97253
564.386,413.85388
570.6766,406.25772
579.25775,401.6355
588.2273,397.59375
598.09,397.59375
607.7748,398.64606
616.80585,402.46582
624.27094,408.76443
626.3468,404.9074
626.3468,395.04468
626.3468,385.18198
626.3468,375.31924
626.3468,365.45654
679.38086,398.79688
689.0695,398.79688
698.7582,398.79688
708.44684,398.79688
708.9746,407.95776
708.9746,417.64642
708.9746,427.33508
708.9746,437.02374
708.9746,446.7124
708.9746,456.40106
708.9746,466.08972
708.9746,475.77838
708.9746,485.46704
708.9746,495.1557
704.13025,500.0
694.4416,500.0
684.7529,500.0
679.38086,495.68344
679.38086,485.99478
679.38086,476.30612
679.38086,466.61746
679.38086,456.9288
679.38086,447.24014
679.38086,437.55148
679.38086,427.86282
679.38086,418.17416
679.38086,408.4855
678.38086,355.59375
687.94855,355.59375
697.5163,355.59375
707.084,355.59375
709.9746,362.2708
709.9746,371.83853
709.9746,381.40625
700.4069,381.40625
690.8392,381.40625
681.2715,381.40625
678.38086,374.7292
678.38086,365.16147
765.17773,450.59375
765.17773,460.39578
766.7079,469.70087
772.4705,477.63007
779.54004,483.0
789.3421,483.0
798.66766,480.46783
804.9434,473.27167
807.83167,464.01282
809.17773,454.37012
809.17773,444.56805
808.1094,434.83234
804.68726,425.75656
798.02466,418.9738
789.0364,416.40625
779.2343,416.40625
771.93365,422.77362
767.5387,431.29254
765.6103,440.8063
734.7871,450.40625
734.944,440.62854
737.52484,431.17578
740.27814,421.80872
746.25366,414.04285
752.338,406.41205
761.1023,402.0299
769.8666,397.64777
779.4165,396.59375
789.2152,396.59375
799.014,396.59375
808.14386,399.80142
817.1312,403.7055
824.56024,409.7433
831.0217,417.10974
835.23535,425.73712
838.15814,435.0898
839.38086,444.70184
839.38086,454.50058
838.1417,464.10742
835.18243,473.44864
831.1203,482.17087
824.70276,489.57568
817.5335,495.962
808.5657,499.91092
799.5398,503.59375
789.7411,503.59375
779.9423,503.59375
770.4498,501.79422
761.2035,498.5505
753.0906,493.4602
746.0133,486.68314
740.8069,478.64322
737.1677,469.54532
734.7871,460.20502
921.38086,355.40625
931.31616,355.40625
941.25146,355.40625
951.18677,355.40625
961.12213,355.40625
971.05743,355.40625
974.4943,364.0652
977.2704,373.6048
980.0464,383.1444
982.8224,392.68402
985.5984,402.22363
988.3744,411.76324
991.1504,421.30286
993.9264,430.84247
996.7024,440.38208
999.47845,449.9217
1002.25446,459.4613
1005.20496,452.23935
1008.179,442.75958
1011.1531,433.27985
1014.1271,423.8001
1017.10114,414.32037
1020.07513,404.84064
1023.0492,395.3609
1026.0232,385.88116
1028.9973,376.4014
1031.9713,366.92166
1034.9453,357.44193
1043.3857,355.40625
1053.321,355.40625
1063.2565,355.40625
1073.1918,355.40625
1083.1271,355.40625
1084.7871,363.6815
1084.7871,373.61682
1084.7871,383.55212
1084.7871,393.48743
1084.7871,403.42273
1084.7871,413.35803
1084.7871,423.29337
1084.7871,433.22867
1084.7871,443.164
1084.7871,453.0993
1084.7871,463.0346
1084.7871,472.9699
1084.7871,482.9052
1084.7871,492.84055
1082.0112,500.0
1072.0759,500.0
1062.1406,500.0
1053.9746,498.2307
1053.9746,488.29538
1053.9746,478.36008
1053.9746,468.42477
1053.9746,458.48944
1053.9746,448.55414
1053.9746,438.61884
1053.9746,428.68353
1053.9746,418.7482
1053.9746,408.8129
1053.9746,398.8776
1053.9746,388.94226
1053.9746,379.00696
1051.877,382.60318
1048.869,392.0722
1045.8611,401.54123
1042.853,411.01025
1039.845,420.47928
1036.837,429.9483
1033.8291,439.41733
1030.821,448.88635
1027.8131,458.35538
1024.805,467.8244
1021.7971,477.29343
1018.7891,486.76245
1015.7811,496.23148
1008.6028,500.0
998.6675,500.0
988.9026,499.7685
985.95,490.28204
982.99744,480.7956
980.04486,471.30914
977.0923,461.8227
974.1398,452.33624
971.1872,442.8498
968.2346,433.36334
965.28204,423.8769
962.32947,414.39044
959.37695,404.904
956.4244,395.41754
953.4718,385.9311
950.5192,376.4446
950.38086,385.46967
950.38086,395.40497
950.38086,405.34027
950.38086,415.2756
950.38086,425.2109
950.38086,435.14624
950.38086,445.08154
950.38086,455.01685
950.38086,464.95215
950.38086,474.88745
950.38086,484.82278
950.38086,494.7581
945.68744,500.0
935.75214,500.0
925.81683,500.0
921.38086,494.50067
921.38086,484.56534
921.38086,474.63004
921.38086,464.6947
921.38086,454.7594
921.38086,444.8241
921.38086,434.8888
921.38086,424.9535
921.38086,415.01816
921.38086,405.08286
921.38086,395.14755
921.38086,385.21222
921.38086,375.27692
921.38086,365.3416
1107.7871,398.79688
1117.4757,398.79688
1127.1644,398.79688
1136.853,398.79688
1137.3809,407.95776
1137.3809,417.64642
1137.3809,427.33508
1137.3809,437.02374
1137.3809,446.7124
1137.3809,456.40106
1137.3809,466.08972
1137.3809,475.77838
1137.3809,485.46704
1137.3809,495.1557
1132.5365,500.0
1122.8479,500.0
1113.1592,500.0
1107.7871,495.68344
1107.7871,485.99478
1107.7871,476.30612
1107.7871,466.61746
1107.7871,456.9288
1107.7871,447.24014
1107.7871,437.55148
1107.7871,427.86282
1107.7871,418.17416
1107.7871,408.4855
1106.7871,355.59375
1116.3549,355.59375
1125.9225,355.59375
1135.4902,355.59375
1138.3809,362.2708
1138.3809,371.83853
1138.3809,381.40625
1128.8131,381.40625
1119.2455,381.40625
1109.6777,381.40625
1106.7871,374.7292
1106.7871,365.16147
1168.1934,417.0
1167.9733,407.10068
1168.9696,398.59375
1178.873,398.59375
1188.7765,398.59375
1196.131,401.27982
1196.6494,411.16968
1200.9458,407.84885
1208.4252,401.44876
1217.4868,397.62012
1227.1404,396.20312
1237.0405,396.2218
1246.3269,399.66293
1254.3589,405.34863
1259.7509,413.55908
1262.4578,423.05768
1263.0708,432.93567
1263.1934,442.83774
1263.1934,452.74118
1263.1934,462.64462
1263.1934,472.5481
1263.1934,482.45154
1263.1934,492.35498
1260.9349,500.0
1251.0315,500.0
1241.128,500.0
1232.9902,498.23438
1232.9902,488.3309
1232.9902,478.42746
1232.9902,468.52402
1232.9902,458.62057
1232.9902,448.71713
1232.9902,438.8137
1232.6089,428.92456
1227.2686,420.93045
1218.4708,417.59375
1208.9675,419.24957
1201.5983,425.3848
1198.119,434.55298
1197.9902,444.43826
1197.9902,454.3417
1197.9902,464.24515
1197.9902,474.1486
1197.9902,484.05206
1197.9902,493.9555
1194.1313,500.0
1184.2279,500.0
1174.3243,500.0
1168.1934,496.2276
1168.1934,486.32416
1168.1934,476.4207
1168.1934,466.51724
1168.1934,456.6138
1168.1934,446.71036
1168.1934,436.80692
1168.1934,426.90347
1315.1934,399.0
1315.1934,408.86963
1315.1934,418.73923
1315.1934,428.60883
1315.1934,438.47845
1315.1934,448.34808
1315.1934,458.21768
1315.486,468.0795
1318.8574,477.17822
1327.4109,481.40625
1337.2805,481.40625
1345.6741,476.48065
1349.4172,467.39847
1349.9312,457.54224
1349.9902,447.67416
1349.9902,437.80453
1349.9902,427.93494
1349.9902,418.0653
1349.9902,408.1957
1350.6642,399.0
1360.5338,399.0
1370.4033,399.0
1380.273,399.0
1380.3965,408.74612
1380.3965,418.61572
1380.3965,428.48535
1380.3965,438.35495
1380.3965,448.22458
1380.3965,458.09418
1380.4552,467.96307
1380.6766,477.83017
1380.9375,487.69595
1381.3784,497.5489
1374.4036,500.0
1364.534,500.0
1354.6644,500.0
1352.3806,491.82724
1349.1875,490.26828
1342.063,496.9713
1333.2207,501.1626
1323.6101,502.59375
1313.7405,502.59375
1304.728,498.96268
1295.9299,494.51346
1289.9342,486.6748
1286.5153,477.4748
1285.3094,467.69458
1285.1934,457.82663
1285.1934,447.95703
1285.1934,438.0874
1285.1934,428.21777
1285.1934,418.34818
1285.1934,408.47858
1285.5845,399.0
1295.454,399.0
1305.3236,399.0
1424.9722,470.79688
1428.4667,479.69757
1436.8761,484.47263
1446.6938,484.59375
1454.6251,479.8884
1457.3784,471.20767
1451.9276,463.58136
1442.4447,460.94946
1432.9475,458.3696
1423.448,455.79828
1414.1588,452.56363
1406.1592,446.9016
1400.8954,438.712
1399.3784,429.26608
1400.042,419.5959
1404.8018,410.98203
1412.197,404.7464
1420.748,400.1381
1430.2445,397.55554
1439.9575,396.59375
1449.799,396.59375
1459.3693,398.6925
1468.283,402.46234
1475.9023,408.54364
1480.6683,417.15396
1481.6299,426.40625
1471.7885,426.40625
1461.9471,426.40625
1454.7069,423.55212
1448.9926,416.1033
1439.471,414.40625
1430.4784,417.17865
1426.5815,424.94348
1431.2192,431.92596
1440.5148,435.03745
1450.0046,437.6441
1459.4944,440.25122
1468.983,442.8625
1476.7117,448.39713
1483.4652,455.55548
1485.5815,464.5556
1485.5815,474.397
1481.6877,483.39807
1475.6462,490.86447
1468.0664,497.10757
1458.7622,500.31473
1449.3707,503.0
1439.5293,503.0
1429.688,503.0
1420.2311,500.32028
1411.0022,497.2007
1404.1454,490.1412
1398.9359,482.2057
1397.2723,472.5213
1405.2896,470.79688
1415.1309,470.79688
